WS 1998/99 233116 127464 105652 214834 118148 96686 18282 9316 8966
WS 1999/00 210774 114068 96706 192144 104791 87353 18630 9277 9353
WS 2000/01 213300 113791 99509 192899 103873 89026 20401 9918 10483
WS 2001/02 219820 115856 103964 196735 104891 91844 23085 10965 12120
WS 2002/03 230434 119318 111116 204564 107418 97146 25870 11900 13970
WS 2003/04 244823 126181 118642 216636 113611 103025 28187 12570 15617
WS 2004/05 249131 127271 121860 220405 114667 105738 28726 12604 16122
WS 2005/06 252498 128806 123692 223565 116161 107404 28933 12645 16288
WS 2006/07 257898 131650 126248 228723 118865 109858 29175 12785 16390
WS 2007/08 253366 129804 123562 226123 117614 108509 27243 12190 15053
WS 2008/09 258839 132785 126054 231911 120519 111392 26928 12266 14662
WS 2009/10 272666 139459 133207 245135 126856 118279 27531 12603 14928
WS 2010/11 287432 146740 140692 258824 133359 125465 28608 13381 15227
WS 2011/12 320318 166075 154243 289852 151682 138170 30466 14393 16073
WS 2012/13 332764 172006 160758 300219 156534 143685 32545 15472 17073
WS 2013/14 355915 183983 171932 319077 166156 152921 36838 17827 19011
WS 2014/15 368258 189696 178562 328571 170481 158090 39687 19215 20472
WS 2015/16 376488 193654 182834 333503 172625 160878 42985 21029 21956
WS 2016/17 378320 194241 184079 332777 171734 161043 45543 22507 23036
WS 2017/18 388893 198267 190626 338746 173136 165610 50147 25131 25016